0 2 3 4 0 0 7 8 0 
4 5 0 7 8 0 1 0 3 
0 8 9 0 2 0 0 5 0 
2 0 0 4 0 0 0 0 7 
0 0 5 8 9 0 0 1 4 
0 9 0 0 0 0 0 0 5 
0 3 0 6 4 8 0 7 2 
6 0 0 0 7 1 5 3 8 
9 7 8 5 0 2 0 0 0 

0 0 3 4 0 0 0 0 0 
0 0 0 7 0 0 0 0 0 
0 0 0 0 2 0 0 0 0 
0 1 4 0 6 0 8 9 7 
0 6 0 8 0 7 0 0 4 
8 9 7 2 1 0 0 0 5 
5 0 0 0 4 2 9 7 8 
9 7 0 0 0 0 6 4 0 
0 0 8 9 7 0 5 0 2 

0 0 3 4 4 0 0 0 0 
0 0 0 7 0 0 0 0 0 
0 0 0 0 2 7 0 0 0 
0 1 4 0 6 0 8 9 7 
0 6 0 8 0 7 0 0 4 
8 9 7 2 1 0 0 0 5 
5 0 0 0 4 2 9 7 8 
9 7 0 0 0 0 6 4 0 
0 0 8 9 7 0 5 0 2 







